initializing network
0 conv1_1_W (3, 3, 3, 64)
1 conv1_1_b (64,)
2 conv1_2_W (3, 3, 64, 64)
3 conv1_2_b (64,)
4 conv2_1_W (3, 3, 64, 128)
5 conv2_1_b (128,)
6 conv2_2_W (3, 3, 128, 128)
7 conv2_2_b (128,)
8 conv3_1_W (3, 3, 128, 256)
9 conv3_1_b (256,)
10 conv3_2_W (3, 3, 256, 256)
11 conv3_2_b (256,)
12 conv3_3_W (3, 3, 256, 256)
13 conv3_3_b (256,)
14 conv4_1_W (3, 3, 256, 512)
15 conv4_1_b (512,)
16 conv4_2_W (3, 3, 512, 512)
17 conv4_2_b (512,)
18 conv4_3_W (3, 3, 512, 512)
19 conv4_3_b (512,)
20 conv5_1_W (3, 3, 512, 512)
21 conv5_1_b (512,)
22 conv5_2_W (3, 3, 512, 512)
23 conv5_2_b (512,)
24 conv5_3_W (3, 3, 512, 512)
25 conv5_3_b (512,)
26 fc6_W (25088, 4096)
